    6903
    6881
    7246
    6749
    7350
    7494
    6935
    7086
    7174
    6860
    6886
    7312
    7261
    7062
    7027
    7120
    7667
    7341
    7018
    7292
    7042
    6766
    7183
    7027
    6780
    7195
    6431
    7609
    7662
    7075
    7029
    7070
    7167
    7376
    7298
    7616
    7130
    7109
    7172
    6967
    7271
    6898
    7261
    7403
    7397
    7278
    6977
    6564
    7142
    6915
    7532
    6862
    6791
    7222
    7045
    7054
    7203
    7508
    7208
    7460
    7467
    7224
    7025
    6925
    6971
    6916
    6906
    7220
    6716
    7125
    7245
    6959
    7435
    7054
    7203
    6867
    7095
    6680
    7472
    7335
    7269
    7149
    7002
    7331
    7527
    6827
    6925
    7603
    7471
    7369
    7257
    7219
    6956
    7336
    6953
    7201
    7208
    7661
    6921
    7022
